BRSHS EQU *
 FCB 255,255,255,255
 FCB 255,255,255,255
 FCB 255,255,255,255
 FCB 255,255,255,255
 FCB 255,255,255,255
 FCB 255,255,255,255
 FCB 255,255,255,255
 FCB 255,255,255,255
 FCB 0,0,0,0
 FCB 15,255,255,240
 FCB 15,255,255,240
 FCB 15,255,255,240
 FCB 15,255,255,240
 FCB 15,255,255,240
 FCB 15,255,255,240
 FCB 0,0,0,0
 FCB 0,0,0,0
 FCB 0,0,0,0
 FCB 0,255,255,0
 FCB 0,255,255,0
 FCB 0,255,255,0
 FCB 0,255,255,0
 FCB 0,0,0,0
 FCB 0,0,0,0
 FCB 0,0,0,0
 FCB 0,0,0,0
 FCB 0,0,0,0
 FCB 0,15,240,0
 FCB 0,15,240,0
 FCB 0,0,0,0
 FCB 0,0,0,0
 FCB 0,0,0,0
 FCB 240,0,0,0
 FCB 15,0,0,0
 FCB 0,240,0,0
 FCB 0,15,0,0
 FCB 0,0,240,0
 FCB 0,0,15,0
 FCB 0,0,0,240
 FCB 0,0,0,15
 FCB 255,0,0,0
 FCB 255,240,0,0
 FCB 15,255,0,0
 FCB 0,255,240,0
 FCB 0,15,255,0
 FCB 0,0,255,240
 FCB 0,0,15,255
 FCB 0,0,0,255
 FCB 0,0,0,15
 FCB 0,0,0,240
 FCB 0,0,15,0
 FCB 0,0,240,0
 FCB 0,15,0,0
 FCB 0,240,0,0
 FCB 15,0,0,0
 FCB 240,0,0,0
 FCB 0,0,0,255
 FCB 0,0,15,255
 FCB 0,0,255,240
 FCB 0,15,255,0
 FCB 0,255,240,0
 FCB 15,255,0,0
 FCB 255,240,0,0
 FCB 255,0,0,0
 FCB 0,15,240,0
 FCB 0,15,240,0
 FCB 0,15,240,0
 FCB 0,15,240,0
 FCB 0,15,240,0
 FCB 0,15,240,0
 FCB 0,15,240,0
 FCB 0,15,240,0
 FCB 0,255,255,0
 FCB 0,255,255,0
 FCB 0,255,255,0
 FCB 0,255,255,0
 FCB 0,255,255,0
 FCB 0,255,255,0
 FCB 0,255,255,0
 FCB 0,255,255,0
 FCB 15,255,255,240
 FCB 15,255,255,240
 FCB 15,255,255,240
 FCB 15,255,255,240
 FCB 15,255,255,240
 FCB 15,255,255,240
 FCB 15,255,255,240
 FCB 15,255,255,240
 FCB 0,0,0,0
 FCB 0,255,255,0
 FCB 15,255,255,240
 FCB 15,255,255,240
 FCB 15,255,255,240
 FCB 15,255,255,240
 FCB 0,255,255,0
 FCB 0,0,0,0
 FCB 0,0,0,0
 FCB 0,0,0,0
 FCB 0,15,255,0
 FCB 0,255,255,240
 FCB 0,255,255,240
 FCB 0,255,255,240
 FCB 0,15,255,0
 FCB 0,0,0,0
 FCB 0,0,0,0
 FCB 0,0,0,0
 FCB 0,15,240,0
 FCB 0,255,255,0
 FCB 0,255,255,0
 FCB 0,15,240,0
 FCB 0,0,0,0
 FCB 0,0,0,0
 FCB 0,0,0,0
 FCB 0,0,0,0
 FCB 0,0,0,0
 FCB 255,255,255,255
 FCB 255,255,255,255
 FCB 0,0,0,0
 FCB 0,0,0,0
 FCB 0,0,0,0
 FCB 0,0,0,0
 FCB 0,0,0,0
 FCB 255,255,255,255
 FCB 255,255,255,255
 FCB 255,255,255,255
 FCB 255,255,255,255
 FCB 0,0,0,0
 FCB 0,0,0,0
 FCB 0,0,0,0
 FCB 0,240,240,0
 FCB 15,15,15,0
 FCB 0,240,240,240
 FCB 15,15,15,0
 FCB 0,240,240,240
 FCB 0,15,15,0
 FCB 0,0,0,0
       END





