PATS EQU *
 FCB 240,0,240,0
 FCB 15,240,15,255
 FCB 0,0,15,255
 FCB 0,0,15,255
 FCB 240,0,240,0
 FCB 15,255,15,240
 FCB 15,255,0,0
 FCB 15,255,0,0
 FCB 255,255,255,0
 FCB 240,15,255,0
 FCB 240,15,0,255
 FCB 255,255,0,255
 FCB 0,255,255,255
 FCB 0,255,240,15
 FCB 255,0,240,15
 FCB 255,0,255,255
 FCB 255,15,255,15
 FCB 240,0,255,240
 FCB 0,0,15,255
 FCB 240,0,240,255
 FCB 255,15,255,15
 FCB 240,255,240,0
 FCB 15,255,0,0
 FCB 255,240,240,0
 FCB 0,15,255,255
 FCB 255,240,255,240
 FCB 255,255,0,15
 FCB 255,255,240,255
 FCB 255,255,15,255
 FCB 255,240,255,255
 FCB 255,15,255,255
 FCB 240,255,255,255
 FCB 255,15,255,15
 FCB 255,15,255,240
 FCB 0,240,15,255
 FCB 255,15,240,255
 FCB 255,15,255,15
 FCB 240,255,255,15
 FCB 15,255,0,240
 FCB 255,240,255,15
 FCB 255,255,255,255
 FCB 240,0,0,0
 FCB 240,0,0,0
 FCB 240,15,255,240
 FCB 240,15,255,240
 FCB 240,15,255,240
 FCB 240,15,255,240
 FCB 240,0,0,0
 FCB 255,15,15,255
 FCB 0,255,240,0
 FCB 255,255,255,240
 FCB 255,255,255,240
 FCB 15,255,255,15
 FCB 240,0,0,255
 FCB 255,240,255,255
 FCB 255,240,255,255
 FCB 255,240,255,255
 FCB 255,15,15,255
 FCB 240,240,240,255
 FCB 15,15,15,15
 FCB 240,240,240,255
 FCB 255,15,15,255
 FCB 255,240,255,255
 FCB 255,255,255,255
 FCB 255,255,255,240
 FCB 15,255,255,15
 FCB 240,255,240,255
 FCB 240,255,240,255
 FCB 240,255,240,255
 FCB 240,255,240,255
 FCB 255,15,15,255
 FCB 255,240,255,255
 FCB 15,240,255,0
 FCB 240,255,240,255
 FCB 255,15,15,255
 FCB 255,240,255,255
 FCB 255,240,255,255
 FCB 255,240,255,255
 FCB 255,15,15,255
 FCB 240,255,240,255
 FCB 255,240,255,15
 FCB 255,15,255,240
 FCB 0,255,255,255
 FCB 255,0,255,255
 FCB 255,255,15,255
 FCB 255,255,240,255
 FCB 255,255,240,255
 FCB 255,255,0,255
 FCB 255,255,255,240
 FCB 15,255,255,255
 FCB 255,255,255,255
 FCB 255,255,15,255
 FCB 255,240,255,255
 FCB 255,15,255,255
 FCB 255,255,255,255
 FCB 255,255,255,15
 FCB 255,255,15,15
 FCB 255,255,240,255
 FCB 255,255,240,255
 FCB 240,240,240,240
 FCB 15,15,255,255
 FCB 240,255,255,255
 FCB 240,255,255,255
 FCB 240,240,240,240
 FCB 255,240,255,255
 FCB 255,0,15,255
 FCB 240,0,0,255
 FCB 0,0,0,15
 FCB 240,0,0,255
 FCB 255,0,15,255
 FCB 255,240,255,255
 FCB 255,255,255,255
 FCB 255,255,255,15
 FCB 255,255,240,255
 FCB 255,255,15,255
 FCB 255,240,255,255
 FCB 255,15,255,255
 FCB 240,240,240,255
 FCB 15,15,15,15
 FCB 0,0,0,0
 FCB 255,15,15,255
 FCB 0,255,240,0
 FCB 255,255,255,240
 FCB 255,255,255,240
 FCB 15,255,255,15
 FCB 240,0,0,255
 FCB 255,240,255,255
 FCB 255,240,255,255
 FCB 255,15,255,15
 FCB 240,255,255,240
 FCB 15,255,15,255
 FCB 255,240,240,255
 FCB 255,15,255,15
 FCB 240,255,240,255
 FCB 15,255,15,255
 FCB 255,240,255,240
 FCB 0,0,15,255
 FCB 15,255,0,255
 FCB 15,240,15,15
 FCB 15,15,240,0
 FCB 0,15,240,240
 FCB 240,240,15,240
 FCB 255,0,255,240
 FCB 255,240,0,0
 FCB 255,255,255,240
 FCB 15,255,255,15
 FCB 240,255,240,255
 FCB 255,15,15,255
 FCB 255,240,255,255
 FCB 255,15,15,255
 FCB 240,255,240,255
 FCB 15,255,255,15
 FCB 0,15,0,15
 FCB 0,240,0,240
 FCB 15,0,15,0
 FCB 240,0,240,0
 FCB 0,15,0,15
 FCB 0,240,0,240
 FCB 15,0,15,0
 FCB 240,0,240,0
 FCB 240,15,240,15
 FCB 15,15,240,240
 FCB 0,255,255,0
 FCB 255,255,255,255
 FCB 255,255,255,255
 FCB 0,255,255,0
 FCB 15,15,240,240
 FCB 240,15,240,15
 FCB 255,255,255,255
 FCB 240,0,0,15
 FCB 240,255,255,15
 FCB 240,240,15,15
 FCB 240,240,15,15
 FCB 240,255,255,15
 FCB 240,0,0,15
 FCB 255,255,255,255
 FCB 0,0,0,0
 FCB 15,255,240,0
 FCB 15,255,0,0
 FCB 15,255,240,0
 FCB 15,15,255,0
 FCB 0,0,255,240
 FCB 0,0,15,0
 FCB 0,0,0,0
 FCB 255,240,255,255
 FCB 255,15,15,255
 FCB 240,255,240,255
 FCB 15,255,255,15
 FCB 240,255,240,255
 FCB 255,15,15,255
 FCB 255,240,255,255
 FCB 255,255,255,255
 FCB 0,15,255,0
 FCB 0,15,255,240
 FCB 0,240,15,255
 FCB 255,0,0,255
 FCB 255,0,0,15
 FCB 240,0,0,15
 FCB 0,0,0,240
 FCB 0,0,255,0
 FCB 240,15,240,15
 FCB 15,240,15,240
 FCB 15,240,15,240
 FCB 240,15,240,15
 FCB 240,15,240,15
 FCB 15,240,15,240
 FCB 15,240,15,240
 FCB 240,15,240,15
 FCB 240,0,240,0
 FCB 15,15,15,15
 FCB 0,240,0,240
 FCB 15,15,15,15
 FCB 240,0,240,0
 FCB 15,15,15,15
 FCB 0,240,0,240
 FCB 15,15,15,15
 FCB 240,0,240,0
 FCB 15,255,15,255
 FCB 15,255,15,255
 FCB 15,255,15,255
 FCB 240,0,240,0
 FCB 15,255,15,255
 FCB 15,255,15,255
 FCB 15,255,15,255
 FCB 240,240,240,240
 FCB 15,15,15,15
 FCB 240,240,240,240
 FCB 15,15,15,15
 FCB 240,240,240,240
 FCB 15,15,15,15
 FCB 240,240,240,240
 FCB 15,15,15,15
 FCB 255,255,255,255
 FCB 240,0,240,0
 FCB 240,0,240,0
 FCB 240,0,240,0
 FCB 255,255,255,255
 FCB 240,0,240,0
 FCB 240,0,240,0
 FCB 240,0,240,0
 FCB 240,15,240,15
 FCB 15,15,240,240
 FCB 0,255,255,0
 FCB 255,240,15,255
 FCB 255,240,15,255
 FCB 0,255,255,0
 FCB 15,15,240,240
 FCB 240,15,240,15
 FCB 15,15,255,255
 FCB 255,240,255,240
 FCB 255,255,15,15
 FCB 255,255,240,255
 FCB 255,255,15,255
 FCB 255,240,255,255
 FCB 255,15,255,255
 FCB 240,255,255,255
 FCB 255,255,255,255
 FCB 255,255,255,255
 FCB 255,15,15,255
 FCB 255,240,255,255
 FCB 255,15,15,255
 FCB 255,255,255,255
 FCB 255,255,255,255
 FCB 255,255,255,255
       END





