*TO CONVERT A COLOR FROM RGB
*TO CMP:
* A=RGB COLOR
* LEAX RGBCMP,PCR
* LDA A,X
*A=CMP COLOR
* AND VICE-VERSA FOR CMP TO RGB



RGBCMP
 FCB   0,14,2,14,5,10,3,16,13,11,30,28,11,12,30,29
 FCB   17,17,18,34,20,19,34,33,46,45,47,31,46,45,47,46
 FCB   7,6,21,6,7,24,38,29,26,43,27,43,25,9,41,42
 FCB   36,35,50,51,53,54,36,37,32,60,49,61,56,59,52,63

CMPRGB
       FCB   0,2,2,6,0,4,33,32,32,45,5,9,13,8,1,0
       FCB   7,16,18,21,20,34,38,36,37,44,40,42,11,15,10,27
       FCB   56,23,19,49,48,55,38,39,37,46,47,41,11,25,24,26
       FCB   63,58,50,51,62,52,53,60,60,46,61,61,57,59,58,63









