* CMP TO RGB TABLE;
CMPRGB
 FCB 0,14,2,14,5,10,3,16
 FCB 13,11,30,28,11,12,30,29
 FCB 17,17,18,34,20,19,34,33
 FCB 46,45,47,31,46,45,47,46
 FCB 7,6,21,6,7,24,38,39
 FCB 26,43,27,43,25,9,41,42
 FCB 36,35,50,51,53,54,36,37
 FCB 32,60,49,61,56,59,52,63

RGBCMP
 FCB   0,14,2,14,5,10,3,16,13,11,30,28,11,12,30,29
 FCB   17,17,18,34,20,19,34,33,46,45,47,31,46,45,47,46
 FCB   7,6,21,6,7,24,38,29,26,43,27,43,25,9,41,42
 FCB   36,35,50,51,53,54,36,37,32,60,49,61,56,59,52,63


       END
